https://sources.debian.net/stats/

hamm slink potato woody sarge etch lenny squeeze wheezy jessie stretch sid
Disk usage (kB) 4296680 6259180 9020420 19076480 35745828 47149460 64751360 93434272 138115120 175118156 181175004 227430244
Sources lines of code 35102780 52156147 69081706 143259125 216305026 281939417 351035675 462941480 643016194 797973785 829574873 1080380665
Source packages 1373 1880 2962 5583 9050 10550 12517 14951 17564 21041 22294 23992
Source files 348441 484568 686048 1394485 2393976 2879704 3713947 4908090 7310510 8375043 8769361 11599838
Ctags (symbols) 3932990 5948039 7050529 16645804 22920102 29001265 36490018 49008987 52964153 89897372 95781201 126659226
Development suites
squeeze-proposed-updates squeeze-lts wheezy-updates wheezy-proposed-updates wheezy-backports jessie-updates jessie-proposed-updates jessie-backports stretch-proposed-updates experimental
Disk usage (kB) 134252 6943544 228572 13439764 40341736 120744 12940920 15174480 1700168 26165744
Sources lines of code 207815 47916522 701609 96448619 201371970 448564 83335327 56906501 7797816 154955695
Source packages 1 215 6 306 1052 3 239 368 2 1576
Source files 2914 374419 11821 1033146 1799439 5847 962177 586675 184231 1744503

Ctags (symbols) 37146
 hamm slink potato woody sarge etch lenny squeeze wheezy jessie stretch sid
Total 35102780 52156147 69081706 143259125 216305026 281939417 351035675 462941480 643016194 797973785 829574873 1080380665
ada 237548 264741 419518 579098 1119249 760930 854926 1255862 1501389 1759768 658135 2636572
ansic 26206621 39803328 47813754 92761041 114612187 140779473 158928900 195201463 261524625 328529961 354722510 439118957
asm 384911 640752 568595 2634041 2778452 4420044 4059950 4742610 8110136 10258921 12321264 14613919
awk 17386 21461 29231 43456 157822 65850 72246 85457 103584 118728 125053 148029
cobol 0 0 0 5377 5404 5404 363 413 596 641 641 661
cpp 2296148 3491181 6348639 16098796 34280662 47212779 66275622 96012740 152830806 181661600 172330931 274002329
cs 510 1259 1084 5232 41991 2361711 3694385 5507286 7348555 9264487 9298527 9776519
csh 14170 24793 26492 30711 28449 27977 31213 41042 47621 62967 52033 74705
erlang 0 0 213902 364 505 703843 830857 1261169 1619510 1787694 1842674 1968295
exp 61204 66578 159297 175435 393029 425502 465200 422391 556470 941251 820473 1040569
f90 171 171 196 6825 36954 36578 290364 754594 1072059 7458285 7162835 7576285
fortran 702876 1024552 1426714 2258729 2893803 2040169 2230129 2471209 8067877 9575616 5001450 9948043
haskell 0 12143 14472 284339 983044 580594 671832 911023 1523478 1920905 2049244 2190131
java 59166 131955 274021 1417334 3997325 6062017 18098764 26971205 43907469 48866523 56622196 67307436
jsp 0 0 4932 11059 58697 50762 75765 81116 102520 73835 58512 107379
lex 47396 57278 87013 164529 236954 269545 279556 314522 372095 518863 514741 606842
lisp 2323117 2467769 3378393 5134730 6921036 7168640 8084246 9526726 8621241 10845573 11009973 18149652
makefile 563093 757332 1072285 1897404 2944709 3359702 3711044 5059628 5612270 5042078 5145771 6490190
ml 57523 59688 151335 375085 713445 1232171 1775492 2439251 3508633 3887264 3939710 4307549
modula3 484 484 572168 576802 2153 2153 1949 1975 1941 1973 1969 2005
objc 174733 230849 428616 567221 813618 1080391 1162705 1263661 1730399 2720070 2563684 3685097
pascal 23006 52597 307212 427077 1351200 1115891 861665 3618826 4236070 5248390 5859032 7009223
perl 479426 771093 1334959 2957428 6122744 7976635 9210173 12023315 16145100 18134770 18447746 22085064
php 1031 1329 32183 577920 1822293 2999540 4019285 4527328 5546642 7806972 7646428 10455519
python 112783 203691 355023 1509107 4404619 6476110 10086791 15297166 24115206 33508379 36101898 45692308
ruby 0 90 36202 84548 477448 1285560 2090553 4214547 4059942 5047333 6328341 6816946
sed 11175 15650 25417 35442 31599 29414 26287 23586 26851 39362 51927 55856
sh 781751 1289616 2875509 8875633 20631630 30593763 32405982 36468546 39734247 46924404 47754871 54832091
sql 4567 4824 16956 55758 99628 528927 676360 1736003 2723080 4142179 4097470 4525147
tcl 350203 502435 666827 1202928 2100650 1721951 1932307 2426580 2540777 3023923 2922924 3431121
vhdl 0 0 0 0 16028 483 483 369 40343 60971 64489 75153
xml 0 8217 103822 2035742 5646384 9866799 17417240 27426556 34590169 47507502 52809705 60120099
yacc 191781 250291 336939 469934 581315 698109 713041 853315 1094493 1232597 1247716 1530974

Development suites
squeeze-proposed-updates squeeze-lts wheezy-updates wheezy-proposed-updates wheezy-backports jessie-updates jessie-proposed-updates jessie-backports stretch-proposed-updates experimental
Total 207815 47916522 701609 96448619 201371970 448564 83335327 56906501 7797816 154955695
ada 0 1730 0 1761 6281 0 175 1998 16 2270
ansic 4827 28100844 309874 57189836 112370924 144513 44963689 27950347 2562142 67430533
asm 6470 879550 32 1938104 2598298 32 2530235 938404 138937 3965533
awk 0 8443 238 18641 20911 238 8869 6291 152 14806
cobol 0 0 0 0 25 0 0 0 0 0
cpp 13710 6522905 276516 20159103 47955441 267090 24225277 14696516 4141572 45475075
cs 0 2485073 0 2640911 272834 0 16213 26695 0 6433178
csh 0 380 117 630 1997 117 1434 157 31 2189
erlang 0 54 0 0 1356078 0 83702 53 0 98617
exp 0 70036 4 74148 4363 4 61867 119395 499 353042
f90 0 99 0 148 1819 0 0 1220 0 76249
fortran 0 89652 0 3340 121813 0 0 32235 0 114231
haskell 0 116 0 0 85197 0 0 485630 0 1612587
java 173188 1148060 0 2082330 3747991 0 1636001 4251599 251442 2741489
jsp 0 34746 0 6100 6503 0 3221 6363 0 145
lex 0 22069 0 32830 96130 0 37021 28352 1179 135186
lisp 0 108796 184 32670 3197505 184 130327 38291 7768 742708
makefile 4149 273319 5519 440040 791976 2583 391849 299990 22717 819634
ml 0 75 0 4530 42718 0 4901 0 0 830467
modula3 0 0 0 0 32 0 0 0 0 0
objc 0 16449 0 67733 454523 0 68660 47364 4014 68111
pascal 0 35941 1218 81744 3782575 1218 89002 102561 479 105537
perl 1005 419960 56916 1415673 2301549 4491 572061 452843 22883 1865472
php 0 848246 0 1713138 1510438 0 1172385 371295 1 889436
python 310 941383 2630 1625802 5283426 2630 2191998 3120981 440356 4911903
ruby 0 1295456 0 282007 749393 0 653475 34955 12479 541480
sed 0 1620 0 1742 3972 0 947 884 43 3878
sh 4156 1476269 48147 1996317 8709387 25426 1612200 1600324 89389 8587581
sql 0 82588 176 78298 458274 0 125689 159694 1468 120014
tcl 0 28241 0 166048 146895 0 25761 22513 0 190122
vhdl 0 0 0 0 27133 0 0 0 0 1636
xml 0 2899396 38 4278074 5086485 38 2587290 2031078 98281 6559085
yacc 0 125026 0 116921 179084 0 141078 78473 1968 263501
